team,opponent,YPA,blitz_pct,onehigh_pct,twohigh_pct,zerohigh_pct,man_pct,zone_pct
ARI,ATL,7.252,24.458,40.237,55.424,3.353,28.008,71.006
ATL,ARI,7.158,38.824,56.275,40.98,2.353,35.686,63.922
BAL,NE,6.745,29.59,55.971,37.79,5.704,32.264,67.201
BUF,CLE,6.668,28.864,38.636,57.955,3.409,31.136,68.864
CAR,TB,7.319,25.63,52.521,45.168,1.681,21.639,77.731
CHI,GB,7.454,31.185,51.559,42.827,4.99,40.748,58.628
CIN,MIA,8.072,23.32,54.348,37.747,7.312,34.19,65.217
CLE,BUF,6.887,29.978,63.895,31.729,4.376,40.044,59.956
DAL,LAC,8.053,26.454,48.78,48.03,2.814,23.077,76.548
DEN,JAX,6.365,30.503,55.286,38.128,6.239,44.887,54.766
DET,PIT,7.523,32.075,56.226,41.132,2.264,44.151,55.472
GB,CHI,6.293,22.929,50.096,46.435,1.156,18.497,79.191
HOU,LV,6.167,22.763,49.611,48.444,1.556,30.545,69.066
IND,SF,7.059,28.302,50.772,42.71,5.66,35.849,63.293
JAX,DEN,6.317,30.94,46.325,49.915,3.59,23.077,76.752
KC,TEN,7.127,40.126,42.437,49.58,7.563,37.815,61.765
LAC,DAL,6.336,26.157,45.732,50.203,3.252,22.154,77.033
LAR,SEA,6.602,23.78,48.399,48.754,2.313,25.979,73.488
LV,HOU,7.252,21.577,52.905,42.324,4.149,19.087,80.29
MIA,CIN,7.284,37.657,43.305,53.347,3.138,27.615,72.176
MIN,NYG,6.997,49.561,31.798,64.254,3.728,18.421,81.36
NE,BAL,6.817,25.595,55.357,40.675,2.579,30.952,67.659
NO,NYJ,7.076,33.634,55.756,39.729,3.612,22.799,76.298
NYG,MIN,7.216,32.022,55.993,39.513,3.933,42.135,57.303
NYJ,NO,7.197,31.183,49.892,45.161,4.516,43.011,56.559
PHI,WAS,6.361,25.746,57.276,38.806,3.172,44.776,54.478
PIT,DET,7.044,35.395,52.749,42.612,3.78,35.395,63.746
SEA,LAR,5.962,25.347,44.097,52.431,3.472,27.431,72.569
SF,IND,6.885,22.5,48.654,48.462,2.308,23.462,75.962
TB,CAR,7.731,37.158,50.638,44.08,4.554,29.508,69.763
TEN,KC,8.1,26.707,45.984,50.201,3.414,27.51,72.088
WAS,PHI,8.402,26.531,50.612,45.714,3.061,32.857,66.531
